0 1 131072 
1 2 65536 
2 3 65536 
2 4 65536 
3 4 65536 
4 5 131072 
4 6 16384 
5 6 16384 
6 7 32768 
6 8 32768 
6 9 21840 
7 9 21840 
8 9 21840 
9 10 65536 
9 11 65536 
9 12 65536 
9 13 65536 
9 14 65536 
9 15 2728 
10 15 2728 
11 15 2728 
12 15 2728 
13 15 2728 
14 15 2728 
15 16 16384 
15 17 16384 
15 18 16384 
15 19 16384 
15 20 16384 
15 21 2728 
16 21 2728 
17 21 2728 
18 21 2728 
19 21 2728 
20 21 2728 
21 22 16384 
21 23 16384 
21 24 16384 
21 25 16384 
21 26 16384 
21 27 680 
22 27 680 
23 27 680 
24 27 680 
25 27 680 
26 27 680 
27 28 4096 
28 29 4096 
